The data of Vortex of file ./data/B00001.txt
xc(m) yc(m) vorticity(m*s) direction time(frame) nearest distance(m) maximumvorticity(1/s) area(m^2)
    -0.0978000    -0.0098000        -68.63822174     -1      1     0.0110133         -0.48349580        0.0000080800
    -0.0966000    -0.0200000        -47.16971970     -1      1     0.0110133         -0.33398324        0.0000069200
    -0.0972696     0.0016000         56.77578735      1      1     0.0110133          0.49398214        0.0000081600
    -0.0947015     0.0188676        317.41445923      1      1     0.0110133          1.06111300        0.0000194800
    -0.0962000     0.0260000          3.48978281      1      1     0.0110133          0.49654746        0.0000003600
    -0.0926000     0.0104000       -301.49795532     -1      1     0.0110133         -0.46238515        0.0000546800
    -0.0926000     0.0226227          2.69951463      1      1     0.0110133          0.34791180        0.0000004400
    -0.0924000     0.0360567          6.18258810      1      1     0.0110133          0.29479039        0.0000012000
    -0.0906000    -0.0360000         24.01807976      1      1     0.0110133          0.90268421        0.0000016800
    -0.0910188     0.0201742         14.25566387      1      1     0.0110133          0.36068553        0.0000021200
    -0.0897797    -0.0330000         47.26074600      1      1     0.0110133          0.32996622        0.0000082400
    -0.0898000     0.0274000       -186.98368835     -1      1     0.0110133         -0.36814290        0.0000264000
    -0.0878000    -0.0434000       -385.61618042     -1      1     0.0110133         -0.65364206        0.0000300800
    -0.0804000    -0.0026000       -282.08346558     -1      1     0.0110133         -0.55830121        0.0000346000
    -0.0809609    -0.0100424         48.37249374      1      1     0.0110133          0.40714446        0.0000074800
    -0.0798000     0.0386000       -116.93711090     -1      1     0.0110133         -0.33665869        0.0000188800
    -0.0794000    -0.0214000       -100.01084900     -1      1     0.0110133         -0.27255586        0.0000198000
    -0.0814000    -0.0560000         -3.43774652     -1      1     0.0110133         -0.26901609        0.0000007600
    -0.0777444    -0.0511356        128.92216492      1      1     0.0110133          0.41522300        0.0000187600
    -0.0755853     0.0314720        289.81591797      1      1     0.0110133          0.52853310        0.0000326000
    -0.0767540     0.0038459        220.70837402      1      1     0.0110133          0.54939806        0.0000218800
    -0.0773689    -0.0173882         34.21820068      1      1     0.0110133          0.41035411        0.0000053200
    -0.0768000     0.0626401         12.63976192      1      1     0.0110133          0.41632301        0.0000020000
    -0.0714595     0.0139373        378.35388184      1      1     0.0110133          0.58419639        0.0000372000
    -0.0728000    -0.0328000        -32.04557037     -1      1     0.0110133         -0.42094678        0.0000038800
    -0.0700907    -0.0268279        194.58262634      1      1     0.0110133          0.63465118        0.0000174800
    -0.0722479    -0.0186530        117.58028412      1      1     0.0110133          0.82476956        0.0000073200
    -0.0722000     0.0668000        -43.46667099     -1      1     0.0110133         -0.41047722        0.0000061600
    -0.0720011    -0.0057349        175.70581055      1      1     0.0110133          0.54246211        0.0000164000
    -0.0678000     0.0056000       -162.51605225     -1      1     0.0110133         -0.43289572        0.0000205200
    -0.0708000    -0.0576000          4.86040783      1      1     0.0110133          0.35604650        0.0000008800
    -0.0687464    -0.0542157        102.15567017      1      1     0.0110133          0.33667177        0.0000195200
    -0.0667628    -0.0381336        160.13478088      1      1     0.0110133          0.45809293        0.0000194400
    -0.0664000     0.0268000       -156.85749817     -1      1     0.0110133         -0.39209241        0.0000186400
    -0.0660000    -0.0094000       -206.54586792     -1      1     0.0110133         -0.50202703        0.0000224400
    -0.0686000     0.0012000        -15.24895382     -1      1     0.0110133         -0.33172870        0.0000024800
    -0.0660000    -0.0192000       -557.78387451     -1      1     0.0110133         -0.97165263        0.0000326400
    -0.0667878    -0.0731695         22.13193893      1      1     0.0110133          0.37556979        0.0000031600
    -0.0670000    -0.0574000          5.10984325      1      1     0.0110133          0.76260114        0.0000004000
    -0.0668000    -0.0694000         37.14060593      1      1     0.0110133          0.32644647        0.0000063200
    -0.0626000     0.0578000       -273.04821777     -1      1     0.0110133         -0.45438543        0.0000426800
    -0.0606000     0.0182000       -190.03169250     -1      1     0.0110133         -0.41713008        0.0000242400
    -0.0636000     0.0508000        -35.59885406     -1      1     0.0110133         -0.33336174        0.0000067600
    -0.0622000    -0.0318000       -460.12680054     -1      1     0.0110133         -0.88758266        0.0000318800
    -0.0623545    -0.0003977        198.83749390      1      1     0.0110133          0.41401172        0.0000243200
    -0.0648000    -0.0580000          3.53379822      1      1     0.0110133          0.47577220        0.0000004800
    -0.0616000    -0.0434000       -101.53311920     -1      1     0.0110133         -0.31582311        0.0000167200
    -0.0624543    -0.0786456         31.00762749      1      1     0.0110133          0.41570520        0.0000040000
    -0.0616000    -0.0628000       -289.29589844     -1      1     0.0110133         -0.67792690        0.0000306000
    -0.0600510    -0.0143742        112.62328339      1      1     0.0110133          0.53458738        0.0000116400
    -0.0561120     0.0256455        675.47412109      1      1     0.0110133          1.09335876        0.0000365600
    -0.0590000    -0.0248000        132.41090393      1      1     0.0110133          0.59900844        0.0000128000
    -0.0574000     0.0334000        -41.42873383     -1      1     0.0110133         -0.35843647        0.0000070000
    -0.0556315     0.0540987        590.57348633      1      1     0.0110133          1.06445277        0.0000332000
    -0.0534000    -0.0104000       -396.47760010     -1      1     0.0110133         -0.69162714        0.0000346800
    -0.0546000     0.0050000       -264.47750854     -1      1     0.0110133         -0.64651585        0.0000252400
    -0.0544777     0.0128577        347.36660767      1      1     0.0110133          0.84837371        0.0000253200
    -0.0558000    -0.0384000         57.05958557      1      1     0.0110133          0.34209001        0.0000101200
    -0.0534000    -0.0621374         90.92402649      1      1     0.0110133          0.29467422        0.0000214400
    -0.0510672    -0.0018466         74.59848785      1      1     0.0110133          0.47267020        0.0000091600
    -0.0506000     0.0194000       -218.74682617     -1      1     0.0110133         -0.63599211        0.0000167200
    -0.0488000    -0.0534000       -248.12034607     -1      1     0.0110133         -0.43796962        0.0000311200
    -0.0480000    -0.0390000        -30.97470665     -1      1     0.0110133         -0.32918692        0.0000056000
    -0.0492000     0.0060000        -16.23441887     -1      1     0.0110133         -0.28132457        0.0000028800
    -0.0448000     0.0864000        -62.98474503     -1      1     0.0110133         -0.32809454        0.0000127600
    -0.0466000    -0.0248000       -108.04090118     -1      1     0.0110133         -0.31376594        0.0000172800
    -0.0464000    -0.0138000        212.02378845      1      1     0.0110133          0.59602672        0.0000218400
    -0.0444000     0.0502000       -237.75549316     -1      1     0.0110133         -0.62267911        0.0000268400
    -0.0455807    -0.0052000         15.74703789      1      1     0.0110133          0.26981309        0.0000028000
    -0.0448000     0.0032000        -58.09157562     -1      1     0.0110133         -0.38155687        0.0000080400
    -0.0424209    -0.0452891        616.14324951      1      1     0.0110133          0.82788187        0.0000434800
    -0.0427874     0.0093166        170.16229248      1      1     0.0110133          0.47604162        0.0000204000
    -0.0407600     0.0209513        259.74874878      1      1     0.0110133          0.67570978        0.0000237600
    -0.0440000     0.0432000         60.64188385      1      1     0.0110133          0.34631765        0.0000107600
    -0.0398443    -0.0299753        133.27226257      1      1     0.0110133          0.43516165        0.0000157200
    -0.0394000    -0.0110000       -282.62005615     -1      1     0.0110133         -0.62837726        0.0000259600
    -0.0398439     0.0913691         71.03794098      1      1     0.0110133          0.55464768        0.0000066800
    -0.0396776    -0.0907779         36.80802155      1      1     0.0110133          0.47309387        0.0000042800
    -0.0365448    -0.0002143        107.25642395      1      1     0.0110133          0.30129507        0.0000191600
    -0.0364000     0.0158000        -74.55593872     -1      1     0.0110133         -0.37137580        0.0000096800
    -0.0366000    -0.0374000       -151.54820251     -1      1     0.0110133         -0.50743473        0.0000144800
    -0.0334451    -0.0768041        506.89028931      1      1     0.0110133          0.74998456        0.0000407200
    -0.0330000    -0.0430000       -368.09707642     -1      1     0.0110133         -0.80393082        0.0000273200
    -0.0324000     0.0680000       -102.77975464     -1      1     0.0110133         -0.32905430        0.0000166000
    -0.0326000     0.0786000       -149.87602234     -1      1     0.0110133         -0.40968108        0.0000209600
    -0.0318219    -0.0165029        305.62896729      1      1     0.0110133          0.52959716        0.0000310000
    -0.0318000     0.0222000        -73.71782684     -1      1     0.0110133         -0.46736526        0.0000079600
    -0.0314000    -0.0874000        -16.95626640     -1      1     0.0110133         -0.34397578        0.0000031600
    -0.0286920     0.0607812        204.25599670      1      1     0.0110133          0.37552410        0.0000306800
    -0.0290583    -0.0303137        455.12600708      1      1     0.0110133          0.73687470        0.0000352800
    -0.0269413     0.0163072        598.00122070      1      1     0.0110133          0.83007658        0.0000423600
    -0.0278311    -0.0495255        206.27262878      1      1     0.0110133          0.61657870        0.0000188800
    -0.0269932     0.0739355        254.61744690      1      1     0.0110133          0.52131492        0.0000293600
    -0.0260269     0.0288200        275.44116211      1      1     0.0110133          0.45914230        0.0000373200
    -0.0244000    -0.0220000       -181.21951294     -1      1     0.0110133         -0.58070248        0.0000152400
    -0.0231022     0.0034855        173.36671448      1      1     0.0110133          0.36701804        0.0000278800
    -0.0223528     0.0494335        169.01612854      1      1     0.0110133          0.42160690        0.0000226800
    -0.0252000    -0.0900000         16.57225418      1      1     0.0110133          0.32662189        0.0000025200
    -0.0252000    -0.0782000        -41.66543961     -1      1     0.0110133         -0.30018654        0.0000080400
    -0.0218000     0.0226000       -423.67687988     -1      1     0.0110133         -0.88139725        0.0000276000
    -0.0200000    -0.0506000       -184.67285156     -1      1     0.0110133         -0.42986244        0.0000234000
    -0.0216000     0.0974000       -111.66286469     -1      1     0.0110133         -0.45493031        0.0000176400
    -0.0196596    -0.0708003        424.12847900      1      1     0.0110133          0.75164318        0.0000326800
    -0.0188000     0.0434000       -286.84863281     -1      1     0.0110133         -0.51918536        0.0000322800
    -0.0186976     0.0891909        152.60044861      1      1     0.0110133          0.27991372        0.0000296000
    -0.0166000     0.0110000       -126.90728760     -1      1     0.0110133         -0.27561638        0.0000252400
    -0.0148000    -0.0378000       -506.63705444     -1      1     0.0110133         -1.63219690        0.0000214400
    -0.0148000    -0.0250000        -93.47083282     -1      1     0.0110133         -0.35423449        0.0000134400
    -0.0162000     0.0598000         75.85756683      1      1     0.0110133          0.30871361        0.0000147200
    -0.0166000    -0.0956000        -12.70095062     -1      1     0.0110133         -0.27807003        0.0000023600
    -0.0188000    -0.0348000         -2.30858135     -1      1     0.0110133         -0.27700728        0.0000004800
    -0.0158749    -0.0166648        494.05343628      1      1     0.0110133          0.83717108        0.0000348400
    -0.0164000     0.0534000       -107.27033234     -1      1     0.0110133         -0.36956251        0.0000154800
    -0.0176000    -0.0342000         -4.33207035     -1      1     0.0110133         -0.39426067        0.0000006000
    -0.0154000    -0.0090000        -81.51390839     -1      1     0.0110133         -0.31961849        0.0000130000
    -0.0152000    -0.0620000       -201.95689392     -1      1     0.0110133         -0.42953041        0.0000275600
    -0.0084504     0.0492386        403.25137329      1      1     0.0110133          0.56273007        0.0000410000
    -0.0095620    -0.0306930        268.31829834      1      1     0.0110133          0.60011321        0.0000244800
    -0.0108870    -0.0995123         59.39870071      1      1     0.0110133          0.77067274        0.0000048400
    -0.0082000     0.0134000         49.28394318      1      1     0.0110133          0.41439164        0.0000070800
    -0.0112644    -0.0466000          3.14250517      1      1     0.0110133          0.65300000        0.0000002000
    -0.0089543    -0.0428713        293.20355225      1      1     0.0110133          1.10189831        0.0000138800
    -0.0062000     0.0768000       -353.23745728     -1      1     0.0110133         -0.45625696        0.0000411600
    -0.0068000     0.0598000       -256.68515015     -1      1     0.0110133         -0.70212305        0.0000214800
    -0.0050000    -0.0730000       -384.18405151     -1      1     0.0110133         -0.64885539        0.0000339600
    -0.0068000     0.0068000        -91.08125305     -1      1     0.0110133         -0.28351086        0.0000169200
    -0.0032334    -0.0550922        240.45285034      1      1     0.0110133          0.44673765        0.0000308400
    -0.0054272     0.0670364        526.96417236      1      1     0.0110133          0.87501931        0.0000345600
    -0.0019772    -0.0896509        174.94522095      1      1     0.0110133          0.30457333        0.0000321600
    -0.0038000    -0.0148000         42.57352448      1      1     0.0110133          0.33137977        0.0000099200
    -0.0032000     0.0430000       -488.82498169     -1      1     0.0110133         -0.82906580        0.0000340800
    -0.0030000    -0.0468000       -382.12402344     -1      1     0.0110133         -0.72116959        0.0000297600
    -0.0014000    -0.0274000       -283.59133911     -1      1     0.0110133         -0.65852183        0.0000259600
    -0.0038000    -0.0356000        -47.83633041     -1      1     0.0110133         -0.30000225        0.0000080000
     0.0024000     0.0846000       -177.48056030     -1      1     0.0110133         -0.36657524        0.0000264000
     0.0010895     0.0247928         89.41564941      1      1     0.0110133          0.31643039        0.0000144000
     0.0022000     0.0166000       -296.28811646     -1      1     0.0110133         -0.56115794        0.0000300800
     0.0031134    -0.0699963        514.73114014      1      1     0.0110133          0.82360864        0.0000360800
    -0.0002000     0.0368000         13.88028908      1      1     0.0110133          0.56052315        0.0000012000
     0.0033383     0.0583037        324.91152954      1      1     0.0110133          0.61906034        0.0000311600
     0.0032568     0.0944607        254.66091919      1      1     0.0110133          0.40816969        0.0000312800
     0.0026000    -0.0606000       -200.61976624     -1      1     0.0110133         -0.43508899        0.0000236800
     0.0042767    -0.0436000        162.96293640      1      1     0.0110133          0.57770658        0.0000176000
     0.0058000     0.0666000       -666.72106934     -1      1     0.0110133         -0.91615009        0.0000412000
     0.0050000    -0.0124000       -457.48196411     -1      1     0.0110133         -0.69544965        0.0000393200
     0.0051630     0.0744129        253.57391357      1      1     0.0110133          0.63111144        0.0000216800
     0.0050457    -0.0242624        270.86871338      1      1     0.0110133          0.56627047        0.0000254000
     0.0049443    -0.0053978        153.30204773      1      1     0.0110133          0.43852007        0.0000192000
     0.0066000    -0.0320000        -41.87887192     -1      1     0.0110133         -0.35287672        0.0000064400
     0.0074000     0.0318000       -582.77099609     -1      1     0.0110133         -1.01132774        0.0000334400
     0.0105043     0.0145751        241.25144958      1      1     0.0110133          0.56404173        0.0000222000
     0.0102000     0.0238000         46.35207367      1      1     0.0110133          0.44487023        0.0000055200
     0.0122000     0.0950000       -227.29406738     -1      1     0.0110133         -0.62330550        0.0000217600
     0.0116000     0.0490000       -281.16012573     -1      1     0.0110133         -0.50225973        0.0000326400
     0.0100731    -0.0564000         84.17630005      1      1     0.0110133          0.33925071        0.0000126800
     0.0108000    -0.0722000       -168.67419434     -1      1     0.0110133         -0.56668961        0.0000167600
     0.0132000    -0.0460000      -1312.59313965     -1      1     0.0110133         -1.47580957        0.0000540400
     0.0128076     0.0378064        192.55305481      1      1     0.0110133          0.48789445        0.0000215600
     0.0130000    -0.0364000         86.59873962      1      1     0.0110133          0.93066490        0.0000050000
     0.0157611     0.0651529        366.26211548      1      1     0.0110133          0.91871130        0.0000233600
     0.0172000    -0.0950000        -93.62113953     -1      1     0.0110133         -0.26636544        0.0000192000
     0.0174000    -0.0618000       -161.61332703     -1      1     0.0110133         -0.27941605        0.0000323600
     0.0180000     0.0204000       -526.85729980     -1      1     0.0110133         -0.83189821        0.0000358000
     0.0152000     0.0290000          9.25894833      1      1     0.0110133          0.31871855        0.0000016400
     0.0179232    -0.0745320         95.21715546      1      1     0.0110133          0.27989581        0.0000174400
     0.0176000    -0.0184000        -20.27551842     -1      1     0.0110133         -0.62714356        0.0000014400
     0.0200000     0.0362000       -353.19082642     -1      1     0.0110133         -0.59689432        0.0000326000
     0.0174000     0.0954000         -5.39418411     -1      1     0.0110133         -0.28273270        0.0000009200
     0.0233019     0.0536726        278.47097778      1      1     0.0110133          0.62814260        0.0000248000
     0.0184000     0.0586000        -63.42677307     -1      1     0.0110133         -0.67802745        0.0000056800
     0.0205736     0.0029759        374.55700684      1      1     0.0110133          0.53915715        0.0000396000
     0.0196000     0.0712000       -170.32345581     -1      1     0.0110133         -0.53924811        0.0000183200
     0.0214000    -0.0338000       -899.63592529     -1      1     0.0110133         -1.59325266        0.0000323200
     0.0220700    -0.0886692         57.02845383      1      1     0.0110133          0.27092829        0.0000107600
     0.0198000     0.0598000       -109.69107819     -1      1     0.0110133         -0.68101019        0.0000091600
     0.0202000    -0.0408843        366.41455078      1      1     0.0110133          1.16905844        0.0000186400
     0.0228503    -0.0537983        410.84744263      1      1     0.0110133          0.72098744        0.0000323200
     0.0220000    -0.0066000       -182.85006714     -1      1     0.0110133         -0.58852482        0.0000167600
     0.0212000    -0.0240000         27.95673943      1      1     0.0110133          0.54491836        0.0000040000
     0.0237645     0.0162419        353.85302734      1      1     0.0110133          0.81786931        0.0000249600
     0.0244000    -0.0804000       -122.05033875     -1      1     0.0110133         -0.29134315        0.0000227600
     0.0263324    -0.0639826         76.55133820      1      1     0.0110133          0.38237739        0.0000108400
     0.0260184     0.0293507        335.25949097      1      1     0.0110133          0.61190373        0.0000294400
     0.0268447     0.0682142        551.68176270      1      1     0.0110133          0.89909637        0.0000357200
     0.0272626    -0.0113989        590.87561035      1      1     0.0110133          0.94511056        0.0000352800
     0.0274680     0.0391794        112.32697296      1      1     0.0110133          0.45982516        0.0000108000
     0.0288000    -0.0190000       -464.32525635     -1      1     0.0110133         -0.89419502        0.0000291200
     0.0284000     0.0472000       -321.40560913     -1      1     0.0110133         -0.56686974        0.0000318000
     0.0310000    -0.0566000       -308.44757080     -1      1     0.0110133         -0.45937809        0.0000373600
     0.0279133    -0.0282051        335.84039307      1      1     0.0110133          0.93447471        0.0000186800
     0.0330000    -0.0446000       -415.61477661     -1      1     0.0110133         -0.65747243        0.0000362000
     0.0304000     0.0204000        -31.36939430     -1      1     0.0110133         -0.46198693        0.0000038000
     0.0304000     0.0610000       -111.23383331     -1      1     0.0110133         -0.30797178        0.0000225600
     0.0346000     0.0934000        -31.30345154     -1      1     0.0110133         -0.34621170        0.0000061600
     0.0296000    -0.0379541         20.10768318      1      1     0.0110133          0.43464997        0.0000023200
     0.0339183     0.0084201        213.79675293      1      1     0.0110133          0.39587477        0.0000300400
     0.0334000     0.0336000       -412.95669556     -1      1     0.0110133         -0.67769766        0.0000346400
     0.0318000     0.0168000        -30.45711136     -1      1     0.0110133         -0.40599698        0.0000044800
     0.0364000    -0.0328000       -543.71502686     -1      1     0.0110133         -0.95130384        0.0000319200
     0.0400000     0.0024000       -285.86114502     -1      1     0.0110133         -0.50515336        0.0000328400
     0.0375558     0.0236760        582.40100098      1      1     0.0110133          0.93962085        0.0000374400
     0.0374000     0.0420000         47.62171936      1      1     0.0110133          0.41549659        0.0000061200
     0.0411726     0.0537374         91.88591003      1      1     0.0110133          0.29367796        0.0000180400
     0.0400725    -0.0405498        638.42156982      1      1     0.0110133          1.02215695        0.0000368800
     0.0407114    -0.0514028        170.48117065      1      1     0.0110133          0.57112455        0.0000168800
     0.0410000     0.0140000       -290.64285278     -1      1     0.0110133         -0.73186815        0.0000220800
     0.0415766     0.0900984         37.92017365      1      1     0.0110133          0.33229983        0.0000061600
     0.0441656    -0.0274207        415.68963623      1      1     0.0110133          0.68184406        0.0000350000
     0.0440000     0.0374000        -49.13918304     -1      1     0.0110133         -0.46232235        0.0000074800
     0.0460862     0.0086025        326.31790161      1      1     0.0110133          0.76007831        0.0000242000
     0.0442000     0.0244000        -38.46987534     -1      1     0.0110133         -0.38657632        0.0000046400
     0.0492000    -0.0484000       -666.31762695     -1      1     0.0110133         -1.04012132        0.0000368800
     0.0482000     0.0542000       -184.48568726     -1      1     0.0110133         -0.35846877        0.0000291600
     0.0474209     0.0181691         63.48291779      1      1     0.0110133          0.35519657        0.0000094000
     0.0476000     0.0870181         33.39088821      1      1     0.0110133          0.58946228        0.0000034800
     0.0506000    -0.0332000       -304.45883179     -1      1     0.0110133         -0.58926374        0.0000293600
     0.0485087     0.0309575        229.42999268      1      1     0.0110133          0.66569930        0.0000186400
     0.0502053    -0.0562000         78.79651642      1      1     0.0110133          0.39110422        0.0000119600
     0.0511494     0.0438107        378.55957031      1      1     0.0110133          0.57346255        0.0000386400
     0.0520000    -0.0240000        -24.43690681     -1      1     0.0110133         -0.31410569        0.0000038800
     0.0526000     0.0140000       -271.49411011     -1      1     0.0110133         -0.55360973        0.0000282400
     0.0542528    -0.0432000        196.74154663      1      1     0.0110133          0.67579573        0.0000194800
     0.0582000     0.0270000       -520.77984619     -1      1     0.0110133         -0.83168256        0.0000376000
     0.0540000     0.0366000        -18.76259422     -1      1     0.0110133         -0.34324312        0.0000033600
     0.0541480    -0.0546194         67.44539642      1      1     0.0110133          0.31336430        0.0000120800
     0.0550000     0.0834000        -29.27866936     -1      1     0.0110133         -0.38017863        0.0000042400
     0.0572419     0.0584526         94.22399902      1      1     0.0110133          0.27542284        0.0000180800
     0.0570050    -0.0291622        263.02352905      1      1     0.0110133          0.64613140        0.0000234400
     0.0598000    -0.0006000       -134.58673096     -1      1     0.0110133         -0.36318848        0.0000199600
     0.0576000     0.0810000        -24.71362305     -1      1     0.0110133         -0.31876397        0.0000045200
     0.0596000     0.0344000         36.81760025      1      1     0.0110133          0.27506578        0.0000083200
     0.0624000    -0.0340000       -113.76204681     -1      1     0.0110133         -0.27637717        0.0000198000
     0.0634000     0.0684000       -148.16583252     -1      1     0.0110133         -0.31238410        0.0000295200
     0.0667045     0.0041443        253.81976318      1      1     0.0110133          0.34040534        0.0000392000
     0.0684079     0.0255597        407.50628662      1      1     0.0110133          0.73481274        0.0000339200
     0.0718000     0.0538000       -157.10418701     -1      1     0.0110133         -0.55040884        0.0000190000
     0.0698000     0.0152000       -180.90335083     -1      1     0.0110133         -0.39541498        0.0000226400
     0.0722000    -0.0670000        -32.46215439     -1      1     0.0110133         -0.41245922        0.0000060000
     0.0752000     0.0008000       -188.81443787     -1      1     0.0110133         -0.59364843        0.0000221200
     0.0727910     0.0487516         12.01457310      1      1     0.0110133          0.40449131        0.0000013200
     0.0735086     0.0638868         43.78131485      1      1     0.0110133          0.32993221        0.0000063200
     0.0728000    -0.0660000         -1.33248115     -1      1     0.0110133         -0.27007142        0.0000002800
     0.0763281     0.0478990        419.09893799      1      1     0.0110133          0.83206779        0.0000375200
     0.0772000    -0.0244000       -200.76770020     -1      1     0.0110133         -0.43579352        0.0000252000
     0.0780558    -0.0041799         83.55484009      1      1     0.0110133          0.72769713        0.0000066800
     0.0802061    -0.0488342        163.05653381      1      1     0.0110133          0.31504250        0.0000288400
     0.0802000     0.0294000       -124.03212738     -1      1     0.0110133         -0.30915838        0.0000222000
     0.0796588    -0.0059085        119.62152863      1      1     0.0110133          1.01331818        0.0000067200
     0.0786000     0.0147552         25.20734215      1      1     0.0110133          0.30533749        0.0000045600
     0.0822000     0.0188000       -112.48065948     -1      1     0.0110133         -0.31553599        0.0000196800
     0.0810000    -0.0562000        -40.45186234     -1      1     0.0110133         -0.36070243        0.0000054800
     0.0800000     0.0564000        -17.98132324     -1      1     0.0110133         -0.39439797        0.0000023200
     0.0838588    -0.0378231        130.99360657      1      1     0.0110133          0.30757999        0.0000231200
     0.0824000     0.0536000       -103.61791229     -1      1     0.0110133         -0.60216272        0.0000098000
     0.0844000     0.0012000        -43.05133438     -1      1     0.0110133         -0.30116579        0.0000075600
     0.0858000     0.0492000         -8.61109543     -1      1     0.0110133         -0.38142148        0.0000012800
     0.0868000     0.0252000         48.23826218      1      1     0.0110133          0.26853073        0.0000115200
     0.0980000    -0.0026000         34.31409836      1      1     0.0110133          0.40043271        0.0000064000
     0.0986000    -0.0026000         14.55147552      1      1     0.0110133          0.41921425        0.0000019200
