The data of Vortex of file /home/server/Data/doublelayer_2024_pivdata/PIV_4K_0.3Hz_doublelayer_20240527test/KF99_2s/B00001.txt
xc(m) yc(m) vorticity(m*s) direction time(frame) nearest distance(m) maximumvorticity(1/s) area(m^2)
    -0.0972000     0.0184000         -5.08000088     -1      1     0.0137983         -0.40427864        0.0000007600
    -0.0972000     0.0156000         -4.04743481     -1      1     0.0137983         -0.27045986        0.0000010800
    -0.0968000     0.0160000        -12.05638504     -1      1     0.0137983         -0.27415803        0.0000030800
    -0.0966000     0.0190000         -1.02439237     -1      1     0.0137983         -0.25308755        0.0000002400
    -0.0960000     0.0240000         -2.47136045     -1      1     0.0137983         -0.31433183        0.0000004400
    -0.0958000     0.0208000         -3.60731912     -1      1     0.0137983         -0.30919397        0.0000006800
    -0.0952000     0.0248000         -0.58756316     -1      1     0.0137983         -0.16289937        0.0000002000
    -0.0948000    -0.0296000         -0.16764632     -1      1     0.0137983         -0.16764632        0.0000000400
    -0.0946000     0.0260000         -1.14559102     -1      1     0.0137983         -0.17556253        0.0000003600
    -0.0946000    -0.0276000         -0.54755187     -1      1     0.0137983         -0.15730205        0.0000001600
    -0.0938000    -0.0296000         -3.80356312     -1      1     0.0137983         -0.22903582        0.0000011600
    -0.0936000     0.0316000          0.17053694      1      1     0.0137983          0.17053694        0.0000000400
    -0.0934000    -0.0322000         -0.25468412     -1      1     0.0137983         -0.25468412        0.0000000400
    -0.0926000    -0.0328000         -4.63914013     -1      1     0.0137983         -0.31006855        0.0000010000
    -0.0926000     0.0338000          0.94587964      1      1     0.0137983          0.29700831        0.0000002000
    -0.0924000     0.0356000          2.47973347      1      1     0.0137983          0.39469445        0.0000004400
    -0.0924000     0.0366000          0.32134241      1      1     0.0137983          0.32134241        0.0000000400
    -0.0918000    -0.0362000        -19.59807587     -1      1     0.0137983         -0.44686872        0.0000032800
    -0.0842000     0.0148000       -517.93542480     -1      1     0.0137983         -0.20905554        0.0001278000
    -0.0782000    -0.0274000      -1557.66809082     -1      1     0.0137983         -0.26044908        0.0003537600
    -0.0912000     0.0380000          1.01665509      1      1     0.0137983          0.33176452        0.0000002000
    -0.0910000     0.0392000          0.66256833      1      1     0.0137983          0.33417612        0.0000000800
    -0.0906000    -0.0390000         -0.69726777     -1      1     0.0137983         -0.35894632        0.0000000800
    -0.0902000    -0.0384000         -4.13852072     -1      1     0.0137983         -0.41261119        0.0000007200
    -0.0901169     0.0365483          4.27599764      1      1     0.0137983          0.14809893        0.0000012800
    -0.0898000    -0.0396000         -2.40121913     -1      1     0.0137983         -0.33049712        0.0000004800
    -0.0898000     0.0406000          0.34657985      1      1     0.0137983          0.22750285        0.0000000800
    -0.0890000    -0.0426000         -2.18848825     -1      1     0.0137983         -0.37853310        0.0000003200
    -0.0890000    -0.0408000         -3.39519596     -1      1     0.0137983         -0.30444431        0.0000006800
    -0.0882000    -0.0438000         -0.92974430     -1      1     0.0137983         -0.18071021        0.0000003200
    -0.0882000    -0.0414000         -1.69871783     -1      1     0.0137983         -0.17743690        0.0000004800
    -0.0880000    -0.0458000         -0.40443170     -1      1     0.0137983         -0.21524999        0.0000000800
    -0.0874000    -0.0448000         -1.62414467     -1      1     0.0137983         -0.24092518        0.0000004400
    -0.0872000    -0.0468000         -0.26435351     -1      1     0.0137983         -0.26435351        0.0000000400
    -0.0868000    -0.0462000         -0.29434615     -1      1     0.0137983         -0.20282713        0.0000000800
    -0.0866000     0.0476000         -0.14473268     -1      1     0.0137983         -0.14473268        0.0000000400
    -0.0856000     0.0482000         -0.37148473     -1      1     0.0137983         -0.16480839        0.0000001200
    -0.0846000    -0.0486000         -1.17324877     -1      1     0.0137983         -0.15024678        0.0000004800
    -0.0850000     0.0502000         -0.96621478     -1      1     0.0137983         -0.38294727        0.0000001200
    -0.0844000     0.0504000         -7.17466688     -1      1     0.0137983         -0.38852218        0.0000014400
    -0.0840000    -0.0508000         -0.70075333     -1      1     0.0137983         -0.14681497        0.0000002800
    -0.0834000     0.0530000        -17.02732277     -1      1     0.0137983         -0.52525115        0.0000022400
    -0.0820000     0.0546000         -6.80411434     -1      1     0.0137983         -0.40551424        0.0000010400
    -0.0672000     0.0162000       -809.96520996     -1      1     0.0137983         -0.22255024        0.0002185600
    -0.0808000     0.0570000        -11.42726517     -1      1     0.0137983         -0.49759090        0.0000014800
    -0.0798000     0.0588000         -0.18058085     -1      1     0.0137983         -0.18058085        0.0000000400
    -0.0792000     0.0592000         -0.45365182     -1      1     0.0137983         -0.32551068        0.0000000800
    -0.0790000     0.0586000         -1.93861771     -1      1     0.0137983         -0.35082072        0.0000003600
    -0.0784000     0.0602000         -0.17477223     -1      1     0.0137983         -0.17477223        0.0000000400
    -0.0778000     0.0606000         -0.39970240     -1      1     0.0137983         -0.30122629        0.0000000800
    -0.0774000     0.0602000         -1.48043811     -1      1     0.0137983         -0.29179519        0.0000003200
    -0.0764000     0.0588000         -0.27434096     -1      1     0.0137983         -0.14687973        0.0000000800
    -0.0762000     0.0612000         -2.21594763     -1      1     0.0137983         -0.26086324        0.0000006400
    -0.0752000     0.0630000         -1.64993691     -1      1     0.0137983         -0.27085859        0.0000004000
    -0.0744000     0.0644000         -0.30388850     -1      1     0.0137983         -0.18345296        0.0000000800
    -0.0732000     0.0658000         -0.34188026     -1      1     0.0137983         -0.21385936        0.0000000800
    -0.0624000     0.0594000      -1238.32165527     -1      1     0.0137983         -0.26067913        0.0002870400
    -0.0524000     0.0228000      -1487.72839355     -1      1     0.0137983         -0.21461487        0.0004142800
    -0.0412000     0.0730000       -272.34222412     -1      1     0.0137983         -0.15508381        0.0001168000
    -0.0481862    -0.0592368        540.57214355      1      1     0.0137983          0.15389115        0.0002034800
    -0.0496000     0.0840000         -0.86420363     -1      1     0.0137983         -0.16231078        0.0000003600
    -0.0110000    -0.0974000      -1293.66357422     -1      1     0.0137983         -0.30681896        0.0004140800
    -0.0456000     0.0866000         -0.62381756     -1      1     0.0137983         -0.14677340        0.0000002800
    -0.0446000    -0.0876000         -0.18838321     -1      1     0.0137983         -0.18838321        0.0000000400
    -0.0440000    -0.0886000         -0.23629600     -1      1     0.0137983         -0.23629600        0.0000000400
    -0.0412000    -0.0900000         -0.23592684     -1      1     0.0137983         -0.23592684        0.0000000400
    -0.0291566     0.0009502        734.57043457      1      1     0.0137983          0.19331279        0.0002066800
    -0.0384000    -0.0914000         -0.39795905     -1      1     0.0137983         -0.22622418        0.0000000800
    -0.0376000    -0.0912000         -1.15062571     -1      1     0.0137983         -0.24794376        0.0000003600
    -0.0344000    -0.0928000         -0.16781196     -1      1     0.0137983         -0.16781196        0.0000000400
    -0.0316000    -0.0942000         -0.14704971     -1      1     0.0137983         -0.14704971        0.0000000400
     0.0016000    -0.0480000      -1411.44433594     -1      1     0.0137983         -0.19118494        0.0004389600
    -0.0304000    -0.0940000         -0.31099632     -1      1     0.0137983         -0.15974346        0.0000000800
    -0.0264000     0.0946000         -0.54316616     -1      1     0.0137983         -0.15855104        0.0000001600
    -0.0150000     0.0832000      -1228.20959473     -1      1     0.0137983         -0.26818746        0.0002642800
    -0.0252000     0.0954000         -0.64914817     -1      1     0.0137983         -0.24886368        0.0000001600
    -0.0224000     0.0950000         -3.85336018     -1      1     0.0137983         -0.30421478        0.0000008800
    -0.0226000     0.0954000         -1.17444575     -1      1     0.0137983         -0.29962856        0.0000002400
    -0.0172000     0.0964000        -31.78593063     -1      1     0.0137983         -0.33734575        0.0000061600
    -0.0044148     0.0481607       1797.43920898      1      1     0.0137983          0.21953928        0.0005306000
    -0.0206000     0.0970000         -0.28012407     -1      1     0.0137983         -0.28012407        0.0000000400
    -0.0164000    -0.0968000         -1.45307612     -1      1     0.0137983         -0.17016214        0.0000003600
    -0.0146000    -0.0974000         -0.15993690     -1      1     0.0137983         -0.15993690        0.0000000400
     0.0028000     0.0090000      -1874.79614258     -1      1     0.0137983         -0.25966388        0.0004648400
    -0.0130000     0.0978000         -0.25590709     -1      1     0.0137983         -0.25590709        0.0000000400
    -0.0110000    -0.0980000        -13.86130810     -1      1     0.0137983         -0.30610603        0.0000024800
    -0.0122000     0.0974000         -0.70801103     -1      1     0.0137983         -0.18506725        0.0000002000
    -0.0104000     0.0982000         -0.49170929     -1      1     0.0137983         -0.17802604        0.0000001200
     0.0062789    -0.0273396        624.94580078      1      1     0.0137983          0.19741541        0.0001841200
     0.0061221    -0.0737393        802.68139648      1      1     0.0137983          0.17229694        0.0002671200
     0.0222000     0.0410000      -1174.66857910     -1      1     0.0137983         -0.23093165        0.0003359200
     0.0174000    -0.0972000          0.82962024      1      1     0.0137983          0.21424972        0.0000001600
     0.0320000    -0.0924000       -244.13496399     -1      1     0.0137983         -0.25518113        0.0000756000
     0.0252000     0.0954000         -0.32346940     -1      1     0.0137983         -0.14467773        0.0000001200
     0.0272000    -0.0120000        -12.52808475     -1      1     0.0137983         -0.15614018        0.0000034000
     0.0278000     0.0938000         -0.69745362     -1      1     0.0137983         -0.16906820        0.0000002400
     0.0288000     0.0934000         -1.21699798     -1      1     0.0137983         -0.16456717        0.0000004000
     0.0298000    -0.0940000         -0.78417277     -1      1     0.0137983         -0.24195036        0.0000001600
     0.0298000     0.0940000         -2.01279283     -1      1     0.0137983         -0.25321138        0.0000004400
     0.0304000    -0.0942000         -0.15493235     -1      1     0.0137983         -0.15493235        0.0000000400
     0.0308000     0.0934000         -1.29091918     -1      1     0.0137983         -0.21044579        0.0000004000
     0.0322000     0.0924000         -3.04297757     -1      1     0.0137983         -0.23480485        0.0000007600
     0.0338000     0.0920000         -0.76220155     -1      1     0.0137983         -0.16687050        0.0000002000
     0.0340000    -0.0926000         -1.60182369     -1      1     0.0137983         -0.26693451        0.0000003600
     0.0342000     0.0926000         -3.17365050     -1      1     0.0137983         -0.30742377        0.0000006000
     0.0360000    -0.0912000         -4.85349131     -1      1     0.0137983         -0.21171096        0.0000014000
     0.0368000     0.0914000         -3.74495888     -1      1     0.0137983         -0.24342787        0.0000011600
     0.0517270     0.0113476       2005.26147461      1      1     0.0137983          0.18463242        0.0006423601
     0.0486856     0.0626513       1043.04968262      1      1     0.0137983          0.20098524        0.0003085200
     0.0382000    -0.0914000         -0.43200484     -1      1     0.0137983         -0.18061551        0.0000001200
     0.0470000     0.0878000          0.15595037      1      1     0.0137983          0.15595037        0.0000000400
     0.0482000    -0.0856000         -2.75587749     -1      1     0.0137983         -0.15061404        0.0000011600
     0.0482000     0.0868000          0.27617162      1      1     0.0137983          0.19297013        0.0000000800
     0.0484000     0.0866000          0.16810352      1      1     0.0137983          0.16810352        0.0000000400
     0.0504000    -0.0852000         -0.26595885     -1      1     0.0137983         -0.17909239        0.0000000800
     0.0890000    -0.0416000      -2453.80639648     -1      1     0.0137983         -0.57730639        0.0007026800
     0.0624000     0.0764000         -0.22148207     -1      1     0.0137983         -0.14906399        0.0000000800
     0.0628000     0.0758000         -0.36575702     -1      1     0.0137983         -0.14500345        0.0000001200
     0.0652000     0.0750000         -0.19987318     -1      1     0.0137983         -0.19987318        0.0000000400
     0.0654000     0.0748000         -0.25402203     -1      1     0.0137983         -0.18357107        0.0000000800
     0.0658000    -0.0746000          0.47561282      1      1     0.0137983          0.22008952        0.0000001200
     0.0666000     0.0736000         -0.73458111     -1      1     0.0137983         -0.20703222        0.0000002000
     0.0672000    -0.0732000          0.51814318      1      1     0.0137983          0.23562001        0.0000001200
     0.0768000     0.0336000      -1574.04919434     -1      1     0.0137983         -0.27869681        0.0003354400
     0.0680000     0.0722000         -0.76331437     -1      1     0.0137983         -0.21433814        0.0000002000
     0.0704000     0.0686000         -2.58333826     -1      1     0.0137983         -0.16833422        0.0000010000
     0.0694000     0.0708000         -0.77585733     -1      1     0.0137983         -0.21718074        0.0000002000
     0.0720000     0.0678000         -7.16412830     -1      1     0.0137983         -0.27387202        0.0000023200
     0.0708000     0.0692000         -1.32232285     -1      1     0.0137983         -0.25526127        0.0000003200
     0.0732000     0.0664000         -6.07936144     -1      1     0.0137983         -0.26359159        0.0000018000
     0.0744000     0.0648000         -2.76153946     -1      1     0.0137983         -0.18827443        0.0000008000
     0.0762000     0.0624000         -0.39329934     -1      1     0.0137983         -0.17593157        0.0000001200
     0.0770000    -0.0604000         -0.38729584     -1      1     0.0137983         -0.14662811        0.0000001600
     0.0786000    -0.0590000         -0.69319314     -1      1     0.0137983         -0.21771671        0.0000002000
     0.0788000    -0.0596000         -0.31565446     -1      1     0.0137983         -0.22321683        0.0000000800
     0.0790000    -0.0592000         -0.60864818     -1      1     0.0137983         -0.25350413        0.0000001200
     0.0798000    -0.0574000         -3.48776174     -1      1     0.0137983         -0.21348090        0.0000008800
     0.0814000    -0.0552000         -8.66901779     -1      1     0.0137983         -0.46176350        0.0000011600
     0.0814000     0.0550000         -0.58913291     -1      1     0.0137983         -0.18010324        0.0000002000
     0.0818000     0.0554000         -0.17352147     -1      1     0.0137983         -0.17352147        0.0000000400
     0.0826000     0.0536000         -1.67128146     -1      1     0.0137983         -0.17303088        0.0000006400
     0.0828000    -0.0540000         -0.33907139     -1      1     0.0137983         -0.22407897        0.0000000800
     0.0836000     0.0512000         -0.27895415     -1      1     0.0137983         -0.17286390        0.0000000800
     0.0844000     0.0508000         -0.54501384     -1      1     0.0137983         -0.23449498        0.0000001200
     0.0846000     0.0510000         -0.45256799     -1      1     0.0137983         -0.25251767        0.0000000800
     0.0852000     0.0494000         -1.54342031     -1      1     0.0137983         -0.21081884        0.0000004400
     0.0854000     0.0498000         -0.40442038     -1      1     0.0137983         -0.20386423        0.0000000800
     0.0866000     0.0470000         -2.58276486     -1      1     0.0137983         -0.30219889        0.0000005600
     0.0868000     0.0474000         -0.17622223     -1      1     0.0137983         -0.17622223        0.0000000400
     0.0878000     0.0442000         -3.13164210     -1      1     0.0137983         -0.33402491        0.0000006800
     0.0880000     0.0444000         -0.61506164     -1      1     0.0137983         -0.31227824        0.0000000800
     0.0892000     0.0416000         -5.66720724     -1      1     0.0137983         -0.35896108        0.0000012800
     0.0894000     0.0418000         -0.56580412     -1      1     0.0137983         -0.29771835        0.0000000800
     0.0904000     0.0386000         -5.03979158     -1      1     0.0137983         -0.30751985        0.0000011200
     0.0908000     0.0392000         -0.47189099     -1      1     0.0137983         -0.26132658        0.0000000800
     0.0918000     0.0358000         -8.17753029     -1      1     0.0137983         -0.26069283        0.0000019600
     0.0926000    -0.0300000         -3.18277240     -1      1     0.0137983         -0.18909509        0.0000012000
     0.0986000     0.0054000       -168.58795166     -1      1     0.0137983         -0.32127982        0.0000498000
     0.0920000    -0.0354000         -2.14635468     -1      1     0.0137983         -0.30768195        0.0000004000
     0.0922000    -0.0364000         -0.34126896     -1      1     0.0137983         -0.34126896        0.0000000400
     0.0924000    -0.0322000         -0.90132791     -1      1     0.0137983         -0.14627306        0.0000003200
     0.0922000     0.0366000         -0.20780692     -1      1     0.0137983         -0.20780692        0.0000000400
     0.0980000    -0.0088373          2.56762886      1      1     0.0137983          0.14709356        0.0000007600
     0.0984000     0.0072000         -0.35571373     -1      1     0.0137983         -0.18054833        0.0000000800
     0.0992000     0.0064000         -0.18344060     -1      1     0.0137983         -0.18344060        0.0000000400
